0921 109210036
1012 110110061
1123 111210433
1224 112210449
1015 110110116
0616 106110125
1017 110110106
1018 110110857
0929 109210057
11210 111210061
09111 109110073
10212 110210061
12113 112150453
12214 112210469
10115 110150173
12216 112210867
12117 112110939
06218 106210176
12219 112210785
12220 112210645
12221 112210479
12222 112210667
07123 107110012
12124 112110956
11225 111210429
12126 112110031
12227 112210431
12228 112210795
12229 112210046
09230 109210001
09131 109110062
12232 112210128
11233 111210124
11134 111110128
10135 110110122
12136 112110954
11137 111110121
10238 110210088
12139 112150921
11240 111210407
09241 109210290
10242 110210091
10243 110210395
10144 110110129
12145 112110065
11146 111150427
09147 109110070
12248 112210105
08149 108110501
10250 110210046
09151 109110075
10252 110210613
12253 112210647
11254 111210451
11155 111110919
12256 112210112
10257 110210560
07258 107210011
10259 110210389
12260 112210423
11161 111110940
07262 107210004
12163 112110040
12164 112110943
09165 109110807
11266 111210415
11167 111110089
07268 107210224
12169 112110024
12270 112210122
10271 110210494
12272 112210471
12173 112110924
10274 110210396
05275 105210141
12276 112210452
12177 112110047
12178 112110003
08179 108110019
07180 107110035
12181 112150437
11282 111210656
06283 106210167
09284 109210018
11285 111210653
12286 112210463
12287 112210442
09188 109110112
09289 109210060
10190 110110974
11191 111110114
11192 111150430
07293 107210013
12194 112150916
10195 110110091
08196 108110010
10197 110110096
12298 112211094
10199 110110851
111100 111110074
122101 112210451
102102 110210526
112103 111210792
061104 106110145
111105 111110109
122106 112210446
122107 112210121
072108 107210032
091109 109110800
091110 109110063
112111 111210090
122112 112210780
102113 110210049
121114 112110875
121115 112110100
112116 111210434
111117 111110112
122118 112210458
102119 110210122
091120 109110079
082121 108210003
112122 111210445
111123 111110118
102124 110210495
081125 108110502
082126 108210205
092127 109210039
071128 107110005
111129 111110070
112130 111210428
091131 109110116
121132 112110081
121133 112110941
122134 112210797
112135 111210062
071136 107110006
122137 112210042
111138 111110124
121139 112110083
062140 106210151
102141 110210055
101142 110110085
121143 112150729
122144 112210788
121145 112110912
101146 110110110
111147 111150551
101148 110110117
121149 112110920
111150 111110113
102151 110210078
122152 112210123
121153 112110961
071154 107110610
121155 112150726
111156 111110896
102157 110210092
072158 107210015
122159 112210650
092160 109210013
081161 108110003
121162 112110048
092163 109210295
101164 110110055
081165 108110028
101166 110110127
112167 111210448
121168 112110051
081169 108110498
102170 110210047
112171 111210417
121172 112110025
092173 109210051
071174 107110434
112175 111210050
122176 112210078
092177 109210293
101178 110110852
122179 112210869
122180 112210951
102181 110210097
102182 110210117
091183 109110092
091184 109110074
122185 112210480
111186 111110922
092187 109210287
051188 105110107
102189 110210081
101190 110110066
112191 111210794
122192 112210790
111193 111110927
111194 111110069
112195 111210403
072196 107210010
111197 111110127
111198 111110915
122199 112210051
112200 111210390
112201 111210658
092202 109210015
081203 108110009
111204 111110893
081205 108110035
122206 112210437
101207 110110853
102208 110210059
092209 109210043
062210 106210166
062211 106210157
111212 111110100
111213 111110905
121214 112110038
122215 112210660
101216 110150169
081217 108110002
111218 111110892
122219 112210668
102220 110210054
122221 112210781
112222 111210042
091223 109150001
102224 110210083
122225 112210460
092226 109210296
101227 110110098
102228 110210609
071229 107110003
112230 111210397
122231 112210665
112232 111210049
111233 111150292
101234 110110076
102235 110210110
091236 109110108
121237 112150725
092238 109210059
062239 106210601
121240 112110075
111241 111110929
092242 109210014
111243 111110071
091244 109110066
092245 109210288
122246 112210109
072247 107210012
121248 112110923
092249 109210055
121250 112110092
122251 112210060
092252 109210049
121253 112110071
122254 112210079
111255 111110080
111256 111110890
122257 112210434
111258 111110926
121259 112110874
101260 110110048
121261 112110960
121262 112110057
111263 111110933
121264 112110945
122265 112210054
121266 112150441
102267 110210558
102268 110210114
102269 110210102
122270 112210993
121271 112110044
091272 109110805
112273 111210949
122274 112211076
122275 112210657
102276 110210095
121277 112110955
112278 111210657
112279 111210947
101280 110110065
092281 109210065
092282 109210030
112283 111210412
102284 110210099
092285 109210011
121286 112110103
112287 111210796
101288 110110052
121289 112110043
112290 111210873
101291 110150214
111292 111110099
112293 111210953
092294 109210300
122295 112210425
121296 112110069
052297 105210131
081298 108110034
121299 112110094
122300 112210067
102301 110210124
121302 112150445
112303 111210665
101304 110110067
121305 112110085
111306 111110066
052307 105210160
102308 110210080
102309 110210557
121310 112110951
122311 112210789
111312 111110063
122313 112210068
121314 112150735
121315 112110937
121316 112190148
112317 111250009
102318 110210381
121319 112110919
102320 110210390
102321 110210044
082322 108210200
122323 112210088
111324 111110090
091325 109110085
102326 110210394
122327 112210096
122328 112210100
101329 110110073
101330 110110050
092331 109210422
122332 112210666
101333 110110100
111334 111110133
121335 112150922
062336 106210599
092337 109210026
121338 112110952
082339 108210207
072340 107210037
092341 109210019
121342 112110959
111343 111110914
122344 112210041
121345 112110935
112346 111210410
112347 111210441
121348 112110062
122349 112210642
101350 110110973
102351 110210079
102352 110210065
111353 111110116
112354 111210661
111355 111150279
101356 110110978
102357 110210052
091358 109110061
111359 111110064
101360 110110072
111361 111110096
121362 112110055
112363 111210419
092364 109210294
121365 112110938
112366 111210117
081367 108110023
122368 112210439
071369 107110563
111370 111110921
121371 112110076
091372 109110806
082373 108210348
101374 110110112
081375 108110024
102376 110210104
121377 112110080
112378 111210392
111379 111150282
122380 112210064
112381 111210079
111382 111110900
071383 107110021
111384 111150283
121385 112110068
111386 111110928
101387 110110094
112388 111210426
112389 111210438
091390 109110080
121391 112150438
102392 110210380
082393 108210022
121394 112110953
111395 111110935
121396 112110106
111397 111150288
092398 109210286
112399 111210416
121400 112150728
081401 108110032
122402 112210099
102403 110210105
111404 111110086
072405 107210017
122406 112210095
121407 112110922
101408 110110095
102409 110210066
101410 110110130
112411 111210098
111412 111110907
111413 111150493
062414 106210600
111415 111110908
122416 112210791
091417 109110029
071418 107110031
082419 108210353
082420 108210030
101421 110110057
102422 110210093
121423 112110020
112424 111210667
081425 108110018
112426 111210663
101427 110110074
121428 112190042
102429 110210060
102430 110210113
111431 111150285
101432 110110070
111433 111110895
112434 111210659
111435 111110087
092436 109210009
121437 112150452
112438 111250014
101439 110110063
121440 112190146
112441 111210122
111442 111110079
121443 112110087
121444 112110947
091445 109110056
102446 110210639
122447 112210476
101448 110150167
122449 112210955
122450 112210436
042451 104210032
121452 112110019
101453 110110087
121454 112150736
121455 112110084
121456 112150734
072457 107210009
111458 111110938
102459 110210527
112460 111250017
101461 110110058
122462 112210118
111463 111110126
112464 111210055
112465 111210669
092466 109210063
112467 111210450
112468 111210102
102469 110210082
091470 109150038
061471 106110138
091472 109110801
111473 111110094
092474 109210493
121475 112150443
102476 110210129
111477 111110941
121478 112110933
112479 111210404
092480 109210053
121481 112110950
082482 108210282
102483 110210111
091484 109110119
112485 111210748
112486 111210391
122487 112210472
071488 107110436
102489 110210393
112490 111210660
111491 111110139
101492 110110043
102493 110210068
122494 112211050
091495 109110057
062496 106210158
112497 111210872
071498 107110030
101499 110110088
112500 111210787
112501 111210943
122502 112210640
081503 108110021
122504 112210103
101505 110110062
081506 108110025
081507 108110031
101508 110150011
111509 111110898
082510 108210211
041511 104110023
122512 112210081
111513 111110085
101514 110110080
112515 111210442
121516 112150451
091517 109110111
101518 110110114
101519 110110979
101520 110110125
071521 107110001
101522 110110848
062523 106210162
081524 108110604
121525 112150448
071526 107110016
112527 111210423
091528 109110089
112529 111210452
122530 112210468
102531 110210058
111532 111110091
102533 110210383
091534 109110100
112535 111210799
092536 109210291
122537 112210919
121538 112110046
082539 108210206
122540 112210045
062541 106210598
111542 111110083
121543 112150440
121544 112110034
082545 108210284
101546 110110049
082547 108210004
122548 112210996
121549 112110958
121550 112110002
122551 112210796
081552 108110005
111553 111110134
111554 111110078
111555 111110120
082556 108210351
062557 106210165
091558 109110030
101559 110110124
112560 111210432
121561 112110944
111562 111110092
082563 108210202
112564 111210414
081565 108110013
112566 111210413
072567 107210333
122568 112210783
092569 109210299
102570 110210094
122571 112210056
111572 111110894
112573 111210951
121574 112110066
081575 108110016
112576 111210120
102577 110210041
112578 111210430
122579 112211049
112580 111210885
071581 107110437
111582 111110901
122583 112210131
092584 109210050
111585 111110911
102586 110210067
091587 109110115
111588 111110103
081589 108110004
111590 111110130
101591 110110069
111592 111110902
091593 109110120
121594 112110037
102595 110210391
102596 110210069
111597 111110088
102598 110210387
081599 108110500
121600 112110101
121601 112110096
101602 110110132
112603 111210666
112604 111210411
082605 108210312
111606 111110135
092607 109210029
122608 112210115
102609 110210107
102610 110210073
101611 110110123
121612 112110940
112613 111250010
122614 112210456
101615 110110047
112616 111210446
101617 110110053
081618 108110007
122619 112210086
102620 110210072
102621 110210615
081622 108110496
091623 109110095
112624 111210421
081625 108110001
112626 111210840
101627 110110104
111628 111150553
102629 110210128
111630 111150494
121631 112110936
071632 107110017
112633 111210057
062634 106210147
102635 110210108
121636 112110957
092637 109210282
112638 111210396
112639 111210449
082640 108210039
101641 110110081
121642 112110928
071643 107110025
101644 110110044
112645 111210422
062646 106210159
121647 112110067
121648 112110089
102649 110210070
122650 112210672
102651 110210045
122652 112210464
111653 111110931
102654 110210053
102655 110210075
121656 112110082
112657 111210662
092658 109210032
112659 111210064
122660 112210920
122661 112210953
072662 107210016
111663 111110129
102664 110210386
112665 111210952
102666 110210385
122667 112210108
121668 112110050
121669 112110948
092670 109210046
111671 111110060
102672 110210115
101673 110110078
091674 109110122
092675 109210474
122676 112210777
121677 112110039
101678 110110121
112679 111210400
122680 112210094
072681 107210007
111682 111110122
112683 111210096
091684 109110808
121685 112110036
092686 109210284
122687 112210089
121688 112150428
111689 111110904
112690 111210399
122691 112210664
121692 112150732
121693 112150439
071694 107110014
122695 112210454
071696 107110032
112697 111210401
081698 108110020
102699 110210384
122700 112210098
091701 109110032
112702 111210398
101703 110110118
081704 108110015
101705 110110093
121706 112110949
102707 110210096
121708 112110001
101709 110110090
091710 109110118
121711 112110090
121712 112110105
111713 111110076
101714 110110126
092715 109210285
111716 111110923
112717 111210085
112718 111210405
122719 112210473
112720 111210841
112721 111210655
082722 108210354
102723 110210392
072724 107210223
112725 111210068
102726 110210580
072727 107210226
071728 107110028
111729 111110119
091730 109150028
101731 110110108
091732 109110084
112733 111210080
112734 111210406
111735 111110912
101736 110110107
111737 111110916
111738 111150289
121739 112150455
102740 110210382
122741 112210453
061742 106110120
121743 112190043
102744 110210109
072745 107210001
112746 111210437
102747 110210103
121748 112110108
091749 109110054
102750 110210559
112751 111210393
082752 108210019
101753 110110077
092754 109210034
122755 112210655
072756 107210030
101757 110110045
101758 110110079
121759 112110917
112760 111210056
122761 112210653
111762 111150280
102763 110210397
121764 112110929
102765 110210614
122766 112210874
122767 112210433
111768 111110073
101769 110110059
111770 111110939
091771 109110065
091772 109110068
112773 111210066
112774 111210073
102775 110210388
122776 112210065
121777 112110934
062778 106210596
122779 112210074
122780 112210120
102781 110210126
111782 111150291
091783 109110076
112784 111210081
112785 111210870
082786 108210204
111787 111110925
052788 105210138
082789 108210334
091790 109150027
112791 111210113
102792 110210130
102793 110210379
101794 110110120
102795 110210118
122796 112210077
