10921 109210282
11012 110110045
10913 109110084
10924 109210051
11015 110110063
11126 111210442
10817 108110035
11118 111110083
11129 111210392
109210 109210290
110111 110110114
110112 110110074
111113 111110100
109214 109210063
112215 112210446
110216 110210055
112117 112110105
112118 112110037
110119 110110108
112220 112210473
111221 111210064
111222 111210405
110123 110110125
111124 111110902
112125 112110090
111226 111210873
112227 112210100
111128 111110896
107129 107110021
110130 110110055
104131 104110023
110132 110150173
109233 109210287
109234 109210493
108235 108210312
110236 110210615
109237 109210015
109138 109150038
112239 112210086
108140 108110002
112141 112110071
110142 110110070
112243 112210454
111144 111110908
112145 112150455
112146 112110048
111147 111110080
107148 107110014
112249 112210874
110150 110110979
111151 111110893
109152 109110800
112153 112110960
109154 109110075
110155 110110048
112156 112110001
112157 112110068
110258 110210092
110259 110210379
109160 109110807
109261 109210055
112162 112150445
112163 112150726
110264 110210526
110265 110210044
110266 110210384
110267 110210580
110168 110110978
111269 111210665
110270 110210394
112271 112210041
111272 111210437
111173 111150553
112174 112150725
109275 109210019
107276 107210001
111177 111110073
111178 111110898
111179 111110919
110280 110210081
112181 112150437
110182 110110090
112183 112110025
108284 108210284
108185 108110028
106286 106210151
112187 112150735
111288 111210403
111189 111110916
112190 112110096
112191 112110933
109292 109210032
111293 111210113
110294 110210070
107295 107210224
111296 111210056
112197 112110948
110198 110110077
111299 111210414
1102100 110210380
1111101 111110096
1122102 112210078
1121103 112110912
1101104 110110085
1101105 110110857
1092106 109210060
1102107 110210114
1112108 111210953
1081109 108110498
1082110 108210022
1121111 112110044
1102112 110210388
1082113 108210351
1072114 107210010
1111115 111150285
1101116 110110088
1082117 108210282
1091118 109110073
1121119 112110950
1102120 110210389
1111121 111110900
1091122 109110801
1092123 109210039
1101124 110110066
1111125 111110133
1111126 111110086
1102127 110210559
1122128 112211050
1122129 112210054
1102130 110210558
1111131 111110935
1101132 110110121
1111133 111110923
1121134 112150916
1062135 106210147
1072136 107210007
1081137 108110502
1102138 110210639
1102139 110210118
1121140 112110101
1112141 111210660
1101142 110110069
1121143 112110055
1101144 110150167
1112145 111210799
1072146 107210012
1112147 111210449
1101148 110110093
1082149 108210004
1111150 111110925
1102151 110210073
1062152 106210165
1122153 112210453
1072154 107210037
1121155 112110085
1102156 110210386
1102157 110210080
1102158 110210095
1112159 111210080
1121160 112110928
1112161 111210096
1092162 109210284
1102163 110210065
1112164 111210090
1112165 111210656
1111166 111150289
1111167 111110921
1102168 110210385
1121169 112110034
1101170 110110129
1102171 110210110
1101172 110110106
1121173 112110057
1092174 109210299
1122175 112210068
1101176 110110973
1122177 112210434
1112178 111250017
1082179 108210200
1112180 111210050
1062181 106210598
1091182 109110065
1112183 111210415
1091184 109110063
1102185 110210393
1112186 111210669
1121187 112110936
1111188 111110915
1111189 111110071
1112190 111210451
1042191 104210032
1102192 110210097
1111193 111150292
1112194 111210870
1112195 111210102
1101196 110110057
1121197 112150452
1121198 112110952
1112199 111250014
1102200 110210115
1112201 111210662
1112202 111210429
1102203 110210105
1111204 111110109
1111205 111110119
1121206 112110046
1092207 109210053
1122208 112210869
1122209 112210777
1102210 110210560
1081211 108110032
1121212 112110947
1081213 108110009
1102214 110210397
1121215 112110953
1101216 110110052
1102217 110210383
1121218 112110917
1111219 111110941
1112220 111210098
1121221 112110076
1121222 112110951
1112223 111210419
1102224 110210392
1122225 112210797
1101226 110110049
1111227 111150279
1101228 110110120
1122229 112210468
1102230 110210067
1112231 111210430
1122232 112210056
1071233 107110563
1112234 111210438
1102235 110210387
1072236 107210009
1112237 111210748
1081238 108110016
1122239 112210077
1112240 111210441
1091241 109110054
1112242 111210407
1111243 111150283
1121244 112190148
1112245 111210421
1112246 111210401
1102247 110210069
1111248 111110940
1061249 106110120
1121250 112150439
1112251 111210396
1102252 110210068
1111253 111150280
1102254 110210061
1122255 112210795
1081256 108110604
1122257 112210046
1071258 107110437
1121259 112110092
1081260 108110500
1102261 110210045
1122262 112210115
1111263 111110139
1121264 112150428
1102265 110210093
1072266 107210013
1101267 110110072
1122268 112210096
1122269 112210476
1071270 107110006
1111271 111110126
1062272 106210600
1112273 111210943
1101274 110110122
1101275 110110110
1092276 109210046
1121277 112150728
1092278 109210294
1111279 111110064
1121280 112150453
1072281 107210032
1122282 112210790
1081283 108110025
1122284 112210667
1122285 112210471
1111286 111110066
1121287 112110958
1102288 110210527
1102289 110210047
1112290 111210413
1121291 112150443
1122292 112210796
1122293 112210664
1102294 110210396
1121295 112110944
1122296 112210109
1122297 112210469
1122298 112210650
1102299 110210096
1111300 111110907
1111301 111110114
1121302 112150451
1072303 107210030
1111304 111110121
1092305 109210009
1092306 109210422
1112307 111210426
1091308 109110066
1101309 110110117
1122310 112210120
1122311 112210452
1121312 112110036
1111313 111110927
1091314 109110805
1112315 111210410
1101316 110110061
1122317 112210051
1071318 107110434
1122319 112210647
1112320 111210400
1081321 108110023
1102322 110210049
1121323 112110080
1122324 112210451
1122325 112210128
1112326 111210085
1112327 111210079
1102328 110210395
1102329 110210053
1081330 108110001
1062331 106210158
1121332 112110082
1091333 109150028
1112334 111210073
1121335 112110941
1122336 112211076
1121337 112110875
1112338 111210947
1122339 112210655
1111340 111110088
1092341 109210050
1081342 108110501
1062343 106210601
1111344 111110892
1122345 112210064
1122346 112210645
1102347 110210124
1092348 109210286
1061349 106110145
1071350 107110016
1122351 112210074
1111352 111110929
1122353 112210785
1082354 108210039
1102355 110210102
1102356 110210107
1101357 110110098
1121358 112110920
1112359 111210068
1112360 111210448
1111361 111150494
1112362 111210885
1101363 110110130
1072364 107210223
1111365 111110074
1122366 112210951
1091367 109110062
1091368 109110119
1111369 111150427
1111370 111110099
1122371 112210089
1122372 112210067
1121373 112110019
1101374 110110851
1072375 107210226
1111376 111110938
1071377 107110017
1081378 108110013
1081379 108110019
1101380 110110073
1111381 111110120
1081382 108110021
1092383 109210295
1091384 109110080
1092385 109210049
1121386 112110075
1111387 111110939
1092388 109210014
1071389 107110436
1102390 110210391
1091391 109110806
1121392 112110956
1092393 109210029
1112394 111210404
1071395 107110032
1111396 111110122
1082397 108210353
1101398 110110043
1101399 110110047
1091400 109110085
1102401 110210117
1112402 111250009
1122403 112210103
1121404 112110051
1102405 110210495
1121406 112110937
1091407 109110070
1052408 105210131
1101409 110150011
1052410 105210141
1101411 110110050
1062412 106210166
1121413 112110961
1112414 111210452
1121415 112150438
1102416 110210494
1101417 110110091
1112418 111210787
1091419 109110111
1122420 112210088
1112421 111210417
1111422 111110069
1082423 108210211
1121424 112110945
1102425 110210078
1111426 111110895
1062427 106210596
1102428 110210052
1122429 112210122
1112430 111210081
1122431 112210653
1122432 112210108
1111433 111110091
1111434 111110926
1122435 112210783
1121436 112150732
1122437 112210112
1091438 109110074
1102439 110210122
1062440 106210176
1071441 107110005
1091442 109110095
1121443 112110040
1121444 112110065
1122445 112210460
1061446 106110138
1121447 112150441
1112448 111210390
1091449 109150027
1101450 110110107
1102451 110210082
1112452 111210794
1121453 112110106
1122454 112210993
1081455 108110020
1112456 111210658
1091457 109110120
1072458 107210016
1092459 109210018
1102460 110210046
1111461 111150493
1111462 111110128
1122463 112210123
1092464 109210285
1121465 112110003
1081466 108110007
1112467 111210423
1061468 106110125
1101469 110110100
1121470 112110959
1071471 107110003
1101472 110110059
1122473 112210442
1111474 111150430
1092475 109210034
1102476 110210091
1112477 111210049
1121478 112110922
1121479 112110103
1122480 112210789
1092481 109210296
1121482 112110924
1111483 111150282
1101484 110110096
1101485 110150214
1102486 110210557
1101487 110110116
1121488 112150440
1121489 112110949
1121490 112110043
1072491 107210015
1101492 110110076
1112493 111210653
1111494 111110090
1122495 112210672
1101496 110110081
1102497 110210128
1101498 110110079
1112499 111210657
1112500 111210062
1111501 111110079
1112502 111210398
1062503 106210167
1112504 111210949
1112505 111210406
1092506 109210291
1112507 111210872
1081508 108110015
1122509 112210920
1091510 109110108
1121511 112110943
1101512 110110095
1071513 107110030
1121514 112110087
1111515 111150291
1071516 107110001
1112517 111210659
1121518 112110094
1122519 112211049
1102520 110210075
1121521 112110039
1091522 109110056
1111523 111110103
1091524 109110115
1121525 112110020
1111526 111110912
1122527 112210463
1102528 110210059
1112529 111210416
1111530 111110092
1112531 111210120
1121532 112110929
1072533 107210011
1102534 110210609
1112535 111210391
1052536 105210138
1111537 111110911
1111538 111110933
1111539 111110914
1101540 110110852
1091541 109110118
1081542 108110005
1112543 111210057
1082544 108210207
1122545 112210791
1112546 111250010
1092547 109210057
1071548 107110610
1081549 108110034
1122550 112210423
1101551 110110094
1121552 112110031
1102553 110210083
1091554 109110029
1092555 109210011
1122556 112210079
1122557 112210060
1091558 109110032
1122559 112210657
1111560 111110928
1121561 112110939
1081562 108110004
1071563 107110035
1101564 110110078
1121565 112150448
1111566 111110087
1122567 112210433
1121568 112110100
1112569 111210399
1121570 112110935
1072571 107210004
1101572 110150169
1081573 108110496
1101574 110110127
1121575 112190042
1102576 110210126
1111577 111110135
1121578 112150734
1121579 112150729
1122580 112210065
1072581 107210333
1111582 111110901
1121583 112110954
1091584 109110100
1082585 108210003
1121586 112110002
1111587 111110922
1101588 110110087
1101589 110110124
1122590 112210867
1102591 110210054
1091592 109110116
1111593 111110063
1092594 109210065
1101595 110110118
1112596 111210663
1091597 109110076
1072598 107210017
1121599 112110081
1112600 111210412
1082601 108210354
1091602 109110808
1101603 110110112
1121604 112110955
1122605 112210660
1092606 109210059
1102607 110210058
1082608 108210348
1122609 112210042
1062610 106210162
1092611 109210013
1112612 111210952
1122613 112210665
1081614 108110003
1122615 112210642
1091616 109110061
1121617 112110038
1112618 111210661
1102619 110210072
1112620 111210428
1052621 105210160
1081622 108110031
1111623 111110890
1101624 110110044
1112625 111210655
1122626 112210919
1121627 112150736
1082628 108210202
1121629 112110874
1091630 109110068
1122631 112210788
1121632 112110066
1121633 112110919
1102634 110210094
1112635 111210117
1122636 112210425
1112637 111210446
1111638 111110112
1111639 111110078
1091640 109110122
1122641 112210480
1111642 111110130
1102643 110210104
1111644 111150288
1112645 111210432
1112646 111210066
1092647 109210026
1092648 109210293
1121649 112150921
1122650 112210431
1112651 111210434
1111652 111150551
1112653 111210666
1102654 110210088
1112655 111210667
1102656 110210614
1102657 110210103
1091658 109110092
1081659 108110024
1121660 112110934
1122661 112210121
1122662 112210479
1122663 112210105
1081664 108110010
1102665 110210113
1122666 112210439
1112667 111210792
1071668 107110012
1121669 112190146
1111670 111110076
1122671 112210996
1122672 112210640
1122673 112210131
1111674 111110085
1111675 111110931
1122676 112210045
1122677 112210955
1121678 112150922
1092679 109210030
1122680 112210099
1102681 110210382
1121682 112110067
1101683 110110123
1122684 112210449
1082685 108210205
1092686 109210043
1091687 109110112
1121688 112110069
1121689 112110062
1101690 110110080
1112691 111210042
1101692 110110104
1111693 111110904
1082694 108210206
1101695 110110062
1122696 112210437
1111697 111110129
1121698 112110024
1092699 109210036
1121700 112110957
1112701 111210840
1092702 109210288
1112703 111210397
1101704 110110853
1111705 111110094
1122706 112210953
1122707 112210666
1111708 111110124
1121709 112190043
1112710 111210411
1092711 109210300
1112712 111210841
1051713 105110107
1102714 110210099
1102715 110210381
1062716 106210599
1121717 112110940
1111718 111110089
1111719 111110116
1082720 108210019
1071721 107110028
1082722 108210030
1112723 111210061
1101724 110110126
1101725 110110053
1112726 111210122
1111727 111110118
1101728 110110132
1121729 112110050
1102730 110210129
1091731 109110057
1122732 112210780
1112733 111210422
1091734 109110089
1111735 111110905
1121736 112110083
1121737 112110084
1112738 111210433
1121739 112110047
1122740 112210458
1091741 109150001
1102742 110210130
1102743 110210060
1111744 111110127
1112745 111210796
1122746 112210472
1111747 111110070
1112748 111210450
1122749 112210095
1122750 112210081
1112751 111210445
1121752 112110108
1121753 112110938
1101754 110110974
1101755 110110067
1071756 107110025
1101757 110110065
1121758 112110923
1111759 111110060
1122760 112210781
1092761 109210474
1091762 109110079
1071763 107110031
1111764 111110113
1082765 108210334
1102766 110210041
1102767 110210066
1122768 112210118
1122769 112210098
1112770 111210055
1122771 112210094
1112772 111210951
1121773 112110089
1102774 110210079
1102775 110210613
1081776 108110018
1122777 112210456
1082778 108210204
1102779 110210390
1101780 110110848
1111781 111110134
1102782 110210111
1101783 110110058
1112784 111210124
1091785 109110030
1111786 111110894
1092787 109210001
1112788 111210393
1062789 106210157
1102790 110210108
1122791 112210464
1062792 106210159
1122793 112210668
1122794 112210436
1122795 112211094
1102796 110210109
