11111 111150280
11012 110110050
11223 112211049
10524 105210131
11015 110110100
11116 111110904
11027 110210068
10928 109210029
11219 112110075
111210 111210657
112111 112110036
109112 109110111
111113 111110063
111114 111110129
111115 111110916
112116 112110047
107217 107210001
108218 108210207
106219 106210166
107220 107210223
112221 112210431
112122 112150729
111223 111210441
111224 111210419
111225 111210411
110226 110210067
109227 109210287
111128 111110120
111129 111110073
110230 110210111
109131 109110807
112132 112150448
110133 110110052
111234 111210080
112235 112210042
112236 112210480
110137 110110078
108138 108110025
111139 111110116
112140 112110920
112141 112110935
110142 110110096
111243 111210410
106244 106210162
109245 109210036
107246 107210013
110147 110110104
110148 110110059
112249 112210790
109250 109210422
110251 110210102
111252 111210049
111153 111110069
108254 108210206
112255 112210667
107156 107110014
112257 112210436
110158 110110063
111159 111110064
111160 111110921
106261 106210151
108262 108210004
107163 107110563
109164 109110054
110265 110210078
111266 111250009
108267 108210353
112168 112110096
111169 111110078
109170 109150028
112171 112110100
112172 112110961
109173 109110074
112274 112210640
112175 112110919
112176 112110068
111177 111110103
106278 106210147
112279 112210089
111180 111110907
112281 112210668
112182 112110044
111283 111210655
112184 112110089
110185 110110123
108186 108110031
109187 109110063
111188 111150493
112189 112110951
112290 112210874
111191 111150553
111192 111110087
111193 111150551
112194 112110945
110295 110210393
107296 107210004
111197 111110113
111198 111110925
112299 112210953
1082100 108210022
1111101 111110122
1112102 111210117
1092103 109210011
1101104 110110851
1111105 111110893
1121106 112110076
1092107 109210286
1101108 110110114
1122109 112210439
1092110 109210053
1121111 112110923
1092112 109210018
1102113 110210058
1112114 111210392
1122115 112210045
1091116 109110805
1122117 112210434
1102118 110210383
1121119 112110912
1102120 110210047
1122121 112210473
1111122 111110080
1092123 109210055
1111124 111110940
1112125 111210665
1111126 111110134
1121127 112110950
1101128 110110070
1102129 110210070
1122130 112210458
1091131 109110057
1102132 110210122
1091133 109110092
1111134 111150292
1071135 107110016
1122136 112210060
1122137 112210780
1121138 112150734
1102139 110210113
1121140 112110094
1081141 108110003
1122142 112210046
1101143 110110069
1091144 109110030
1111145 111110128
1111146 111110088
1102147 110210394
1122148 112210121
1081149 108110010
1091150 109110122
1101151 110110045
1062152 106210167
1121153 112110959
1111154 111150427
1111155 111110894
1082156 108210334
1122157 112211094
1062158 106210596
1121159 112110958
1112160 111210661
1121161 112110103
1122162 112210464
1102163 110210609
1081164 108110023
1112165 111210055
1122166 112210041
1101167 110110043
1122168 112210951
1101169 110110048
1122170 112210449
1112171 111210415
1112172 111210068
1102173 110210118
1121174 112150440
1112175 111210405
1122176 112210074
1102177 110210557
1081178 108110028
1101179 110110076
1112180 111210870
1052181 105210141
1071182 107110025
1112183 111210406
1121184 112110108
1121185 112110065
1081186 108110002
1102187 110210117
1121188 112150736
1111189 111110121
1081190 108110005
1081191 108110496
1082192 108210200
1112193 111210669
1121194 112150453
1061195 106110125
1112196 111210421
1111197 111110127
1111198 111150282
1122199 112210476
1112200 111210450
1122201 112210065
1121202 112150438
1091203 109110079
1122204 112210423
1122205 112210098
1112206 111210653
1101207 110150167
1102208 110210384
1071209 107110017
1111210 111110923
1072211 107210010
1092212 109210030
1092213 109210291
1112214 111210390
1122215 112210068
1082216 108210202
1122217 112210054
1112218 111210062
1101219 110110044
1101220 110110118
1112221 111210102
1112222 111210840
1122223 112210078
1121224 112110934
1111225 111110089
1121226 112150445
1102227 110210392
1041228 104110023
1072229 107210016
1091230 109110119
1111231 111110927
1121232 112110929
1121233 112110947
1111234 111110074
1112235 111210951
1062236 106210600
1122237 112210103
1111238 111110070
1112239 111210422
1101240 110150011
1081241 108110035
1122242 112210791
1121243 112110101
1072244 107210224
1121245 112110037
1102246 110210103
1101247 110110073
1112248 111210400
1092249 109210046
1112250 111210660
1092251 109210015
1071252 107110012
1102253 110210054
1101254 110110095
1122255 112210781
1112256 111210872
1112257 111210659
1092258 109210051
1051259 105110107
1121260 112110933
1112261 111210066
1102262 110210061
1122263 112210451
1121264 112110046
1111265 111110898
1121266 112110038
1121267 112110050
1071268 107110436
1121269 112110001
1102270 110210639
1121271 112150452
1122272 112211076
1122273 112210115
1072274 107210011
1092275 109210300
1092276 109210290
1092277 109210009
1101278 110110053
1121279 112150441
1112280 111210947
1101281 110110081
1081282 108110020
1122283 112210647
1112284 111210096
1111285 111110890
1112286 111210391
1121287 112110917
1092288 109210065
1122289 112210067
1062290 106210601
1102291 110210108
1111292 111110914
1111293 111110902
1092294 109210063
1101295 110110085
1112296 111250010
1101297 110110116
1121298 112150728
1112299 111210416
1091300 109110115
1101301 110110065
1111302 111110892
1082303 108210312
1111304 111110079
1121305 112150725
1112306 111210124
1111307 111110928
1122308 112210456
1071309 107110003
1082310 108210284
1081311 108110604
1101312 110110062
1122313 112210112
1122314 112210664
1102315 110210109
1111316 111110112
1092317 109210026
1101318 110110080
1121319 112110956
1121320 112110040
1112321 111210437
1092322 109210282
1121323 112110937
1121324 112150921
1071325 107110006
1112326 111210885
1121327 112110034
1112328 111210796
1102329 110210055
1122330 112210469
1112331 111210656
1081332 108110009
1101333 110110079
1102334 110210088
1101335 110110049
1112336 111210666
1112337 111210079
1101338 110110120
1122339 112210088
1102340 110210558
1102341 110210105
1102342 110210052
1071343 107110028
1111344 111110118
1112345 111210404
1082346 108210211
1072347 107210009
1121348 112110874
1122349 112210452
1121350 112110948
1102351 110210072
1092352 109210060
1121353 112150439
1102354 110210066
1092355 109210285
1072356 107210333
1122357 112210642
1061358 106110145
1111359 111110109
1122360 112210955
1121361 112110055
1092362 109210295
1112363 111210423
1091364 109110089
1112365 111210042
1102366 110210104
1122367 112210453
1091368 109110095
1122369 112210081
1101370 110110117
1112371 111210122
1101372 110110098
1102373 110210069
1071374 107110434
1092375 109210043
1111376 111110905
1101377 110110072
1112378 111210433
1101379 110110132
1092380 109210019
1122381 112210095
1122382 112210795
1101383 110110130
1111384 111110929
1122385 112210796
1122386 112210783
1112387 111210663
1112388 111210414
1111389 111110066
1121390 112110922
1122391 112210468
1102392 110210580
1102393 110210380
1111394 111110071
1111395 111110931
1111396 111110124
1111397 111110919
1092398 109210493
1062399 106210159
1081400 108110021
1122401 112210086
1102402 110210613
1121403 112110066
1072404 107210032
1121405 112150455
1081406 108110500
1122407 112210471
1101408 110110121
1121409 112150916
1102410 110210075
1122411 112210653
1111412 111110126
1122413 112210118
1091414 109110075
1111415 111110933
1102416 110210079
1092417 109210039
1112418 111210120
1122419 112210672
1101420 110110055
1071421 107110437
1121422 112150732
1112423 111210841
1071424 107110001
1112425 111210090
1111426 111110915
1092427 109210034
1121428 112150922
1121429 112110071
1111430 111110094
1102431 110210396
1121432 112110944
1122433 112210109
1111434 111110938
1122435 112210454
1071436 107110005
1101437 110150173
1122438 112210100
1091439 109110061
1111440 111150283
1092441 109210474
1111442 111110060
1111443 111110099
1112444 111210085
1112445 111250017
1112446 111210667
1101447 110110973
1112448 111210442
1102449 110210049
1101450 110110974
1121451 112110105
1081452 108110498
1102453 110210041
1102454 110210128
1121455 112110083
1112456 111210438
1091457 109110800
1102458 110210382
1112459 111210429
1072460 107210007
1091461 109150027
1061462 106110120
1111463 111150291
1102464 110210381
1092465 109210001
1111466 111110901
1081467 108110501
1112468 111210417
1121469 112150443
1122470 112210867
1121471 112110875
1111472 111110895
1122473 112210437
1121474 112190042
1102475 110210110
1091476 109110120
1102477 110210389
1101478 110110129
1091479 109110801
1072480 107210037
1102481 110210096
1122482 112210460
1092483 109210059
1121484 112110082
1112485 111210073
1122486 112210463
1111487 111150289
1122488 112210446
1112489 111210413
1091490 109150038
1121491 112110092
1122492 112210131
1112493 111210794
1112494 111210428
1122495 112210094
1121496 112190148
1082497 108210019
1102498 110210082
1101499 110110106
1112500 111210056
1122501 112210650
1101502 110110057
1101503 110110848
1111504 111110926
1121505 112110057
1121506 112110069
1111507 111110085
1072508 107210015
1102509 110210614
1081510 108110016
1121511 112110087
1122512 112210123
1092513 109210057
1101514 110110074
1121515 112110031
1112516 111210081
1122517 112210777
1102518 110210560
1111519 111110133
1102520 110210126
1081521 108110034
1102522 110210095
1052523 105210160
1121524 112110024
1121525 112110939
1062526 106210157
1121527 112110080
1122528 112210433
1121529 112110960
1091530 109110118
1062531 106210165
1111532 111110086
1111533 111110100
1102534 110210115
1101535 110110077
1102536 110210387
1122537 112210079
1102538 110210386
1081539 108110013
1111540 111110076
1102541 110210494
1121542 112110955
1112543 111210426
1122544 112210108
1101545 110110979
1111546 111150285
1102547 110210094
1101548 110110107
1112549 111210445
1072550 107210012
1071551 107110030
1122552 112210996
1091553 109110076
1102554 110210097
1122555 112210472
1122556 112210064
1091557 109110073
1121558 112110952
1092559 109210050
1122560 112210120
1102561 110210073
1121562 112110081
1111563 111150288
1121564 112150451
1091565 109150001
1101566 110110852
1121567 112190146
1121568 112110941
1091569 109110112
1121570 112110936
1122571 112210797
1102572 110210093
1071573 107110031
1092574 109210294
1102575 110210065
1091576 109110062
1091577 109110066
1081578 108110502
1111579 111110091
1071580 107110610
1121581 112110025
1122582 112210128
1102583 110210092
1121584 112150735
1112585 111210787
1102586 110210124
1082587 108210003
1111588 111110939
1112589 111210061
1122590 112210789
1101591 110110978
1121592 112110051
1082593 108210348
1121594 112110954
1111595 111110908
1102596 110210397
1092597 109210288
1091598 109110806
1121599 112110084
1101600 110150214
1061601 106110138
1121602 112110019
1112603 111210662
1112604 111210952
1102605 110210060
1102606 110210083
1101607 110110058
1111608 111150430
1081609 108110015
1101610 110110066
1112611 111250014
1102612 110210495
1112613 111210393
1122614 112210666
1111615 111110090
1122616 112210425
1122617 112210660
1092618 109210296
1122619 112210655
1112620 111210430
1102621 110210130
1112622 111210057
1091623 109110056
1072624 107210030
1071625 107110021
1062626 106210176
1112627 111210953
1101628 110110088
1111629 111110135
1121630 112150726
1091631 109110065
1111632 111110083
1121633 112110090
1122634 112210077
1102635 110210526
1112636 111210403
1112637 111210658
1122638 112210096
1102639 110210053
1102640 110210114
1072641 107210017
1122642 112210993
1112643 111210113
1121644 112110940
1081645 108110001
1112646 111210748
1112647 111210449
1091648 109110100
1112649 111210451
1112650 111210064
1101651 110110853
1111652 111150279
1111653 111110139
1111654 111110096
1121655 112150437
1111656 111110114
1102657 110210395
1082658 108210039
1122659 112210122
1112660 111210407
1122661 112210919
1121662 112110003
1111663 111110119
1071664 107110032
1091665 109110029
1102666 110210379
1122667 112210785
1091668 109110108
1101669 110110110
1112670 111210799
1091671 109110084
1081672 108110019
1121673 112110106
1121674 112110020
1092675 109210293
1121676 112110957
1102677 110210615
1102678 110210129
1121679 112150428
1112680 111210452
1101681 110110122
1101682 110110094
1081683 108110024
1111684 111110912
1092685 109210013
1071686 107110035
1101687 110110091
1122688 112210479
1101689 110110127
1112690 111210792
1091691 109110116
1101692 110110061
1122693 112210099
1042694 104210032
1102695 110210080
1052696 105210138
1101697 110110108
1121698 112110943
1121699 112110928
1081700 108110007
1122701 112211050
1112702 111210432
1072703 107210226
1062704 106210158
1112705 111210398
1102706 110210044
1111707 111110935
1101708 110110090
1081709 108110032
1122710 112210657
1102711 110210107
1111712 111110896
1121713 112110039
1092714 109210032
1111715 111110941
1121716 112190043
1122717 112210645
1102718 110210391
1102719 110210385
1091720 109110068
1111721 111150494
1101722 110110087
1102723 110210099
1111724 111110922
1112725 111210949
1112726 111210050
1102727 110210059
1121728 112110062
1102729 110210527
1102730 110210081
1121731 112110043
1101732 110110067
1091733 109110085
1102734 110210046
1112735 111210434
1111736 111110130
1101737 110110857
1082738 108210030
1092739 109210014
1121740 112110953
1102741 110210390
1092742 109210049
1112743 111210446
1091744 109110808
1111745 111110092
1112746 111210397
1082747 108210351
1122748 112210442
1092749 109210299
1101750 110110124
1082751 108210282
1122752 112210920
1122753 112210105
1122754 112210051
1121755 112110085
1091756 109110070
1112757 111210399
1122758 112210788
1112759 111210873
1121760 112110949
1112761 111210396
1062762 106210598
1081763 108110004
1122764 112210056
1081765 108110018
1102766 110210559
1082767 108210354
1091768 109110032
1091769 109110080
1122770 112210869
1101771 110110125
1102772 110210045
1121773 112110938
1101774 110110112
1102775 110210091
1111776 111110900
1111777 111110911
1121778 112110067
1102779 110210388
1112780 111210098
1112781 111210412
1101782 110110047
1112783 111210401
1112784 111210448
1112785 111210943
1121786 112110924
1121787 112110048
1101788 110110093
1082789 108210204
1062790 106210599
1121791 112110002
1101792 110110126
1101793 110150169
1092794 109210284
1122795 112210665
1082796 108210205
