1121 111210057
1022 110210092
0923 109210422
1214 112110040
1225 112210446
1226 112210112
1217 112150736
1218 112110874
1219 112110959
08210 108210202
09211 109210036
12112 112110050
09213 109210015
11114 111110927
09215 109210030
11216 111210951
10117 110110078
10118 110110053
06219 106210159
10220 110210387
10121 110110067
12222 112210054
11223 111210792
12224 112210086
12125 112110085
09226 109210291
10227 110210055
09128 109110084
11129 111110129
10130 110110049
06231 106210599
12132 112110069
11233 111210659
10234 110210069
07135 107110001
09236 109210295
11137 111110074
10238 110210380
09139 109150001
12240 112210666
08141 108110032
12242 112210785
07243 107210030
07144 107110437
10245 110210128
09246 109210296
10247 110210526
12248 112210122
12149 112110082
08250 108210211
11151 111110921
09152 109110085
12153 112110092
11254 111210430
12255 112210464
11156 111110126
09157 109110807
12258 112210869
12259 112210458
11260 111210448
10161 110110080
12262 112210672
12263 112210115
12264 112210128
09165 109110030
12166 112110025
09167 109150027
12268 112210065
08169 108110009
12170 112110036
11271 111210066
11172 111110933
07173 107110563
10174 110110125
09275 109210059
11176 111110090
10277 110210044
11278 111210653
10279 110210072
09180 109110120
07281 107210016
08182 108110007
12183 112110047
12184 112150448
11185 111110112
09186 109110074
10287 110210389
10188 110110072
12289 112210650
08290 108210206
12191 112110937
10292 110210609
11193 111150288
10194 110110065
07195 107110003
12296 112210431
12197 112110087
11198 111110073
09199 109110057
111100 111110113
111101 111110116
121102 112110068
111103 111110928
112104 111210429
121105 112110948
111106 111110898
102107 110210117
112108 111210666
112109 111210885
101110 110110107
111111 111110905
091112 109110118
122113 112210453
122114 112210100
111115 111110087
101116 110110104
092117 109210034
102118 110210397
081119 108110035
062120 106210158
121121 112110037
071122 107110012
092123 109210282
122124 112210460
101125 110110848
111126 111110890
122127 112210042
121128 112110065
111129 111110076
101130 110150169
062131 106210162
101132 110110052
072133 107210015
111134 111150430
052135 105210141
101136 110110076
112137 111210079
112138 111210873
101139 110110063
101140 110110059
091141 109110119
081142 108110496
081143 108110023
101144 110110043
122145 112210089
112146 111210122
111147 111150551
111148 111110902
091149 109110115
112150 111210656
092151 109210300
121152 112110039
092153 109210286
122154 112210647
112155 111210042
121156 112150438
082157 108210004
122158 112210996
112159 111210124
102160 110210080
111161 111150493
112162 111210404
111163 111110103
111164 111110134
121165 112150725
101166 110150173
112167 111210417
102168 110210059
101169 110110108
102170 110210099
111171 111110939
111172 111150553
102173 110210386
112174 111210449
121175 112150916
071176 107110025
112177 111210428
121178 112110067
121179 112110071
121180 112110081
082181 108210019
072182 107210037
081183 108110002
122184 112210660
091185 109110029
102186 110210126
122187 112210451
111188 111110929
121189 112110943
111190 111110089
071191 107110014
101192 110110070
111193 111110124
082194 108210334
112195 111210061
082196 108210022
121197 112190148
091198 109110108
121199 112110001
122200 112210074
072201 107210224
102202 110210041
102203 110210065
121204 112110952
091205 109150038
102206 110210110
082207 108210039
092208 109210050
102209 110210061
111210 111110064
041211 104110023
112212 111210419
092213 109210009
121214 112110960
101215 110110117
112216 111210870
111217 111110088
112218 111210658
102219 110210557
111220 111110895
062221 106210157
071222 107110017
102223 110210613
122224 112210789
121225 112110934
121226 112110920
091227 109110805
081228 108110502
122229 112210469
111230 111110904
122231 112210098
112232 111210398
122233 112210657
062234 106210165
102235 110210079
092236 109210011
121237 112110929
111238 111110085
072239 107210012
101240 110110077
101241 110110061
122242 112210480
111243 111110128
122244 112210439
101245 110110098
121246 112110922
091247 109110061
102248 110210379
111249 111110907
122250 112210452
101251 110110127
081252 108110015
101253 110110979
112254 111210414
101255 110110050
112256 111210943
121257 112110083
102258 110210108
102259 110210107
091260 109110800
102261 110210558
121262 112110928
121263 112110936
101264 110110852
111265 111110935
121266 112110953
101267 110110126
102268 110210093
102269 110210385
121270 112150445
121271 112150729
121272 112110019
102273 110210114
112274 111210445
062275 106210147
121276 112110024
112277 111210064
122278 112210068
081279 108110003
122280 112210094
081281 108110500
072282 107210009
121283 112110924
121284 112110940
102285 110210103
091286 109110122
112287 111210661
082288 108210030
112289 111210433
101290 110150167
101291 110110123
101292 110110857
091293 109110116
102294 110210494
112295 111210841
121296 112110954
102297 110210124
111298 111110922
101299 110110118
121300 112150732
111301 111110118
122302 112210454
102303 110210075
102304 110210052
111305 111110911
102306 110210102
111307 111150427
102308 110210046
121309 112110094
122310 112210796
102311 110210070
101312 110110093
102313 110210615
112314 111210840
111315 111110071
101316 110110085
122317 112210655
121318 112110062
112319 111210120
121320 112110096
122321 112210131
122322 112210449
112323 111210393
101324 110110079
111325 111110099
072326 107210017
082327 108210354
091328 109110063
101329 110110058
122330 112210425
081331 108110501
112332 111210056
092333 109210474
121334 112110923
092335 109210046
111336 111110912
122337 112210099
122338 112210640
101339 110110047
121340 112110038
101341 110110088
102342 110210394
121343 112110957
122344 112210060
122345 112210051
111346 111110941
062347 106210600
081348 108110498
081349 108110020
082350 108210282
101351 110110851
081352 108110031
121353 112150440
121354 112110944
112355 111210434
112356 111210392
122357 112210777
122358 112210463
111359 111110893
121360 112150726
102361 110210083
122362 112210783
112363 111210113
122364 112210920
102365 110210392
101366 110150214
122367 112210121
052368 105210138
111369 111110931
111370 111110120
112371 111210949
111372 111110915
102373 110210614
121374 112110057
122375 112210665
122376 112210056
092377 109210060
092378 109210288
112379 111210665
112380 111210102
112381 111210098
072382 107210032
112383 111210096
121384 112110100
082385 108210200
112386 111210080
102387 110210559
102388 110210081
071389 107110436
102390 110210067
091391 109110112
101392 110110132
101393 110110116
101394 110110045
112395 111210657
091396 109110054
101397 110110110
122398 112210668
101399 110110978
111400 111110063
121401 112110941
102402 110210560
092403 109210039
102404 110210388
091405 109110095
112406 111210401
122407 112210123
102408 110210060
102409 110210396
122410 112210434
092411 109210001
121412 112150452
121413 112110108
111414 111110079
121415 112110105
122416 112210791
091417 109110056
111418 111150285
102419 110210082
121420 112110947
121421 112110919
091422 109110062
122423 112210079
122424 112210045
111425 111150282
111426 111110109
111427 111110100
122428 112210919
121429 112110090
121430 112110955
101431 110110066
081432 108110604
111433 111150280
081434 108110019
121435 112110066
121436 112110076
062437 106210166
112438 111210068
112439 111210437
122440 112211050
122441 112210642
051442 105110107
102443 110210382
112444 111210441
122445 112210077
112446 111250009
111447 111110119
102448 110210088
112449 111210421
062450 106210601
111451 111110139
112452 111210422
082453 108210003
122454 112211094
102455 110210047
092456 109210018
102457 110210054
101458 110150011
111459 111110114
091460 109110066
101461 110110055
122462 112210103
111463 111110896
092464 109210055
121465 112110935
122466 112210664
112467 111210062
101468 110110122
111469 111150292
121470 112150451
112471 111210663
122472 112210472
102473 110210383
121474 112110084
112475 111210399
071476 107110030
092477 109210284
121478 112110951
121479 112110956
111480 111110080
112481 111210390
092482 109210287
101483 110110073
081484 108110010
111485 111110919
091486 109110080
112487 111210796
111488 111110894
121489 112110031
121490 112110912
122491 112210436
101492 110110130
081493 108110024
112494 111210403
121495 112150428
101496 110110074
111497 111110127
112498 111210667
081499 108110001
071500 107110005
072501 107210010
121502 112150443
112503 111210081
111504 111110092
122505 112211076
102506 110210395
121507 112150441
101508 110110090
111509 111110923
122510 112210645
122511 112210780
111512 111110133
081513 108110013
121514 112110920
121515 112110949
112516 111210400
122517 112211049
112518 111210438
112519 111250010
112520 111210442
112521 111210073
042522 104210032
101523 110110044
082524 108210204
112525 111210426
122526 112210471
112527 111210117
061528 106110138
111529 111150279
102530 110210096
121531 112110080
122532 112210993
092533 109210065
101534 110110974
122535 112210109
102536 110210393
062537 106210167
121538 112150728
112539 111210413
072540 107210007
102541 110210391
112542 111210406
071543 107110610
122544 112210653
101545 110110094
122546 112210795
122547 112210423
122548 112210105
102549 110210068
122550 112210437
112551 111210872
092552 109210032
112553 111210049
081554 108110016
111555 111110069
112556 111210450
101557 110110106
111558 111110091
071559 107110006
122560 112210951
111561 111150494
091562 109110089
121563 112150437
121564 112150734
122565 112210067
071566 107110031
102567 110210122
112568 111210662
121569 112110106
122570 112210442
092571 109210285
102572 110210058
071573 107110032
122574 112210041
102575 110210073
092576 109210049
101577 110110120
112578 111210397
112579 111250014
111580 111110070
122581 112210078
072582 107210223
102583 110210111
072584 107210001
121585 112110003
102586 110210094
112587 111210947
111588 111110096
112589 111210415
112590 111210050
111591 111110130
091592 109110111
091593 109110100
121594 112110055
121595 112150735
091596 109110092
082597 108210284
111598 111110940
092599 109210043
092600 109210053
101601 110110112
121602 112110020
111603 111110892
122604 112210874
112605 111210669
082606 108210312
081607 108110004
102608 110210066
052609 105210160
111610 111110925
062611 106210598
121612 112190146
122613 112210095
082614 108210207
091615 109110068
101616 110110973
081617 108110034
121618 112150439
071619 107110021
091620 109110075
101621 110110095
121622 112190043
112623 111210407
072624 107210333
112625 111210794
072626 107210226
071627 107110035
092628 109210026
092629 109210063
122630 112210433
102631 110210129
072632 107210011
121633 112150453
122634 112210468
102635 110210639
121636 112110961
101637 110110048
111638 111110916
102639 110210053
112640 111210055
092641 109210051
121642 112150455
121643 112110044
102644 110210097
112645 111210396
101646 110110100
111647 111150283
121648 112110950
111649 111110122
122650 112210781
101651 110110057
122652 112210479
092653 109210029
072654 107210013
111655 111110086
112656 111210405
111657 111110066
122658 112210108
091659 109110801
111660 111110908
101661 110110114
111662 111110083
111663 111110121
102664 110210527
092665 109210493
081666 108110021
111667 111110938
102668 110210104
091669 109110808
082670 108210351
121671 112150922
102672 110210109
101673 110110121
062674 106210151
102675 110210580
102676 110210105
071677 107110434
102678 110210390
122679 112210096
122680 112210456
112681 111210410
112682 111210952
121683 112110034
121684 112110103
122685 112210118
121686 112110048
111687 111110900
122688 112210788
091689 109110079
111690 111150291
081691 108110018
091692 109150028
111693 111150289
111694 111110901
062695 106210176
101696 110110069
092697 109210290
102698 110210113
092699 109210013
081700 108110025
101701 110110062
112702 111210799
072703 107210004
121704 112110002
092705 109210299
081706 108110005
102707 110210118
122708 112210120
102709 110210095
082710 108210353
112711 111210391
112712 111210953
121713 112110075
111714 111110078
091715 109110073
121716 112110917
111717 111110926
121718 112110875
092719 109210057
102720 110210091
102721 110210130
122722 112210046
112723 111210432
101724 110110081
112725 111250017
122726 112210953
122727 112210797
102728 110210384
112729 111210452
101730 110110124
102731 110210495
111732 111110060
091733 109110032
122734 112210088
112735 111210446
112736 111210655
122737 112210955
112738 111210416
101739 110110096
061740 106110120
091741 109110076
112742 111210660
121743 112110933
082744 108210205
122745 112210081
121746 112110043
112747 111210090
101748 110110853
092749 109210294
121750 112190042
112751 111210748
092752 109210293
102753 110210381
122754 112210867
111755 111110135
122756 112210473
122757 112210064
121758 112110046
112759 111210085
112760 111210423
061761 106110125
102762 110210049
052763 105210131
091764 109110806
112765 111210411
081766 108110028
121767 112110089
092768 109210019
112769 111210412
121770 112110939
121771 112110051
102772 110210045
102773 110210078
121774 112110945
082775 108210348
111776 111110914
112777 111210451
111778 111110094
071779 107110016
121780 112110101
101781 110110091
061782 106110145
101783 110110087
122784 112210667
121785 112110958
092786 109210014
091787 109110070
121788 112150921
062789 106210596
122790 112210476
112791 111210787
091792 109110065
102793 110210115
071794 107110028
122795 112210790
121796 112110938
101797 110110129
